71.49 298.85
60.21 344.80
79.29 382.09
119.17 417.64
147.79 443.65
166.86 471.39
200.68 483.53
229.29 502.61
260.51 504.34
294.32 493.94
321.20 464.46
343.75 445.38
362.82 415.90
381.03 380.35
405.31 350.87
426.98 310.12
415.71 265.03
126.11 310.99
143.45 289.31
166.86 279.77
186.81 284.11
208.48 291.04
263.11 291.04
283.05 281.51
298.66 271.10
324.67 261.56
350.68 282.37
238.83 312.72
240.56 331.80
242.30 347.40
244.03 367.35
204.15 372.55
224.96 383.82
245.77 394.23
263.98 379.48
280.45 365.61
152.12 323.99
163.40 313.59
185.07 305.78
205.01 313.59
191.14 323.99
169.46 326.59
279.58 311.85
295.19 294.51
319.47 300.58
336.81 306.65
321.20 311.85
299.53 313.59
181.60 406.36
210.22 409.83
233.63 402.90
252.70 405.50
270.05 396.83
292.59 395.09
317.73 391.62
299.53 417.64
284.79 441.05
257.04 447.12
233.63 446.25
207.62 430.64
211.08 421.10
233.63 417.64
253.57 418.50
270.91 415.90
291.72 408.97
275.25 423.71
255.30 429.77
235.36 425.44
-5000.00 -5000.00
-5000.00 170.00
-5000.00 341.00
-5000.00 510.00
-5000.00 5682.00
255.00 5682.00
5511.00 5682.00
5511.00 341.00
5511.00 -5000.00
127.00 -5000.00
255.00 -5000.00
381.00 -5000.00
